    importance
0     0.009114
1     0.026713
2     0.004400
3     0.006600
4     0.000000
5     0.006914
6     0.004714
7     0.020742
8     0.037398
9     0.020113
10    0.074481
11    0.029855
12    0.038969
13    0.069767
14    0.019170
15    0.023570
16    0.050911
17    0.051226
18    0.009114
19    0.010371
20    0.032055
21    0.012885
22    0.016028
23    0.008485
24    0.012256
25    0.017913
26    0.010057
27    0.028913
28    0.012256
29    0.038655
30    0.017285
31    0.012885
32    0.003457
33    0.002514
34    0.138592
35    0.121622
