     importance
0      0.005078
1      0.009521
2      0.001587
3      0.001587
4      0.000000
5      0.002222
6      0.001587
7      0.006982
8      0.017455
9      0.008251
10     0.046334
11     0.018089
12     0.020628
13     0.042209
14     0.008251
15     0.010790
16     0.021898
17     0.025706
18     0.005078
19     0.002222
20     0.013964
21     0.005078
22     0.002539
23     0.002856
24     0.003808
25     0.004443
26     0.002539
27     0.006347
28     0.006030
29     0.013012
..          ...
86     0.000952
87     0.000952
88     0.002856
89     0.013329
90     0.003174
91     0.001587
92     0.009203
93     0.001904
94     0.011108
95     0.005712
96     0.017455
97     0.015551
98     0.006347
99     0.018089
100    0.009838
101    0.003174
102    0.001269
103    0.005395
104    0.005078
105    0.009521
106    0.001269
107    0.003808
108    0.006665
109    0.016503
110    0.013329
111    0.019994
112    0.002539
113    0.000952
114    0.141542
115    0.129800

[116 rows x 1 columns]
